[app/ui]
version = 6.5.0
modtime = 1488911676.867935000

[app/launcher]
version = 6.5.0
modtime = 1488911676.869081000
